         576
 rotation by   4.8869219777777779        4.8869219777777779        4.8869219777777779        4.8869219777777779        4.8869219777777779        4.8869219777777779        4.8869219777777779        4.8869219777777779        4.8869219777777779        4.8869219777777779        4.8869219777777779        4.8869219777777779        4.8869219777777779        4.8869219777777779        4.8869219777777779     
 C       -5.6678186884341741        9.6709573664086417        147.03616989964337     
 C       -4.3651613713717055        10.091947806484571        146.78509225890969     
 C       -4.0840138229799408        11.404577862148948        146.38622868303082     
 C       -5.1562855787028496        12.284246989229944        146.24701360766747     
 C       -6.4937920369009419        11.853819588349454        146.50402442013970     
 C       -6.7475316522649358        10.554982817253821        146.89624507844036     
 C       -5.1654584770632752        13.646983004205902        145.86354513792838     
 C       -6.4652174181154685        14.146694357660433        145.85507872230102     
 C       -7.4361130676221592        13.017832321727676        146.27039287416642     
 C       -8.1564296465071422        13.369536009771197        147.55769208622439     
 C       -6.7237063046035104        15.464868460238055        145.51229388423801     
 C       -7.8907117455361444        16.198561119627200        145.42640518029435     
 C       -8.0434700352240220        17.607716467656104        145.04380255827226     
 C       -9.4939956109215871        17.484857981739410        145.17889286440681     
 C       -9.3631880266537877        16.071556084258120        145.58982660737743     
 C       -10.456909401254160        18.456461596875897        144.93460010278869     
 C       -10.129835345438060        15.171127966217391        145.93326320013287     
 C       -11.830797097012512        18.458476895566029        145.03624449794151     
 C       -12.579134017698909        19.601107857663436        144.71999600028823     
 C       -13.954907154169838        19.362327772268308        144.91271754604185     
 C       -14.150678027784309        18.022119982144797        145.36940690566007     
 C       -12.800760669076865        17.339705277747694        145.47579400990156     
 C       -15.045728761098522        20.210267230716639        144.72188492218288     
 C       -16.322906172075580        19.708379117816364        144.98878657910984     
 C       -16.522952571022280        18.398498679179625        145.43837521060124     
 C       -15.416484345982843        17.545666107654228        145.63158479052001     
 C       -12.024703080083736        20.843103847779354        144.28102609992476     
 C       -3.9943120111439576        14.400338069378869        145.53514150180678     
 C       -7.1815209853813187        18.614136176043310        144.71239783312325     
 C       -12.741504696348864        16.163679738688153        144.51973689650842     
 C       -7.6204449104698142        19.920039369007561        144.38889232473014     
 C       -7.9432102881761821        21.006913891959293        144.11847524335855     
 C       -5.7782668560709105        18.436115616027582        144.67016490143610     
 C       -4.6183947765970927        18.328641046406112        144.62550863885474     
 C       -12.539078419378463        16.926073760237426        146.91090665663560     
 C       -8.3971029963748549        12.688413492547985        145.14433691897074     
 C       -21.060604075519169        4.6068724586915319        142.58732421370627     
 C       -22.378223408841702        4.1479050131916368        142.69276398296799     
 C       -23.411397868894966        4.9698102695359498        143.15294206929892     
 C       -23.096916101072797        6.2815336323454583        143.50660545724310     
 C       -21.754636676654371        6.7596996100347306        143.39783260638703     
 C       -20.747747093067378        5.9338934865678361        142.94762015214059     
 C       -23.929234966579600        7.3130430464577731        143.99025680648668     
 C       -23.187996751493340        8.4781323653304597        144.21926431982300     
 C       -21.715743006786106        8.2111612683964275        143.83475945755680     
 C       -21.293568461793434        9.0869860174748140        142.67032319918275     
 C       -23.785923332033619        9.6175341551645790        144.71714930673485     
 C       -23.297731917290712        10.878670416149680        145.02761680842031     
 C       -24.033193100751284        12.011454431162443        145.59172115779495     
 C       -22.812302228130722        12.822817798941779        145.54753685169402     
 C       -22.054016184114246        11.679508016200931        144.98081531406910     
 C       -22.653475229607899        14.139695641406444        145.94077652164967     
 C       -20.889900190600535        11.486581389162083        144.62854726064535     
 C       -21.573258567680405        15.004162213230744        145.91267079213529     
 C       -21.684381456326463        16.312380217287124        146.38503544513839     
 C       -20.461970385653096        17.004397452041808        146.22815379831934     
 C       -19.493661298845062        16.135942258245962        145.63786776968658     
 C       -20.131514436384641        14.780601765943427        145.40271061544703     
 C       -20.129421310505947        18.317638961223217        146.55655396808737     
 C       -18.827162038530112        18.750863956958515        146.28920248943581     
 C       -17.872818768348701        17.908548296804348        145.70740881029823     
 C       -18.215437333129096        16.580843192063654        145.37796974110137     
 C       -22.873631431809308        16.887526719280153        146.93358040965558     
 C       -25.330379504233086        7.1745935841008492        144.23823068767757     
 C       -25.320309420628121        12.226348065317641        145.99483478024800     
 C       -19.422770235285732        13.726707873553270        146.23216725045597     
 C       -25.763141456788116        13.468200184971080        146.50910507192899     
 C       -26.165349292401579        14.475530489418031        146.93602462708077     
 C       -26.317802565953610        11.224379910488574        145.93253836697153     
 C       -27.165511658177707        10.425107167812598        145.89823564794253     
 C       -20.802105211477553        8.3709002991334973        145.03401759787846     
 C       -20.123005604403932        14.449498657466972        143.92322963646740     
 C       -20.006013805382569        3.7189616811816002        142.10321910699810     
 C       -20.009847987542557        2.3632783467453127        142.45012799064460     
 C       -19.021894103685092        1.4830476272580224        141.99833432125246     
 C       -18.012500665946028        1.9946236084712137        141.18409809970669     
 C       -17.996354086448459        3.3788409937802042        140.83078054509059     
 C       -18.981203116156035        4.2311773679458895        141.28100971654777     
 C       -16.907018705509966        1.3428346118902272        140.59396330152293     
 C       -16.150303253889977        2.2427871319672885        139.83953901789036     
 C       -16.784586362774050        3.6467936824543354        139.95956565004673     
 C       -15.844589804350459        4.6034013263129721        140.66906826453172     
 C       -15.041170629804149        1.8236572103228301        139.12930816390713     
 C       -14.134430892827790        2.4911433298281693        138.32265186897371     
 C       -13.027316369705911        1.9193513028677351        137.55155012675149     
 C       -12.675983482620859        3.2568976789966699        137.06922838374604     
 C       -13.784667916122494        3.8527062804095049        137.85100041363879     
 C       -11.662468694037690        3.6034491765713579        136.18960045006443     
 C       -14.223964931560673        4.9883020047280864        138.03462831836316     
 C       -11.202086219650841        4.8186907675678805        135.72198692438889     
 C       -10.141088149968599        4.8884335726473269        134.81418797292048     
 C       -9.8194337231562088        6.2330011090585478        134.52779137186505     
 C       -10.696114745676645        7.0996742992685196        135.25030667290082     
 C       -11.667498091091883        6.2547808003201233        136.05147457315499     
 C       -8.8342862300585736        6.7579817747262130        133.69241699909645     
 C       -8.7343090641811045        8.1486801199903205        133.58906136469869     
 C       -9.5836629343385908        9.0047300851960905        134.29882362628331     
 C       -10.578496662530128        8.4684549463680163        135.14201943368599     
 C       -9.4414731116994801        3.7587309249824701        134.28595063556847     
 C       -16.630453384920660       -5.4612468450535800E-002   140.71968539076488     
 C       -12.527903349049662       0.66205312913064240        137.36389796605152     
 C       -13.081220050180907        6.4902087780959894        135.55303278973506     
 C       -11.394896274532904       0.40317690501280445        136.55641396141147     
 C       -10.463324975415874       0.15160660169850892        135.90253215570212     
 C       -13.100838757807635      -0.48503777573337459        137.96267725115044     
 C       -13.546151598750159       -1.4526853007864364        138.43603547276635     
 C       -11.525052665120974        6.5492526570537848        137.53142339890059     
 C       -17.217676616406308        4.1680183661722863        138.60370683834734     
 C       -9.4446795281418190        10.453522748664067        134.16892403350363     
 C       -8.1777091919992557        11.030498276212366        134.02787065848503     
 C       -8.0066065852136390        12.411994717725793        133.89772700796803     
 C       -9.1447601562586769        13.217084101468469        133.91771225883696     
 C       -10.441870231604016        12.636999641554285        134.06823678364503     
 C       -10.592426562097391        11.272401559114957        134.18795792773960     
 C       -9.2631553896802856        14.620027933701881        133.81110309721731     
 C       -10.605006635674892        15.006894469090225        133.87266235527250     
 C       -11.475620873895432        13.746311657596904        134.07382264611860     
 C       -12.177684148451933        13.785342458680235        135.41833688809589     
 C       -10.972147061135701        16.332632784762723        133.74730148322570     
 C       -12.199674972322430        16.975201293069080        133.77281104614724     
 C       -12.471880369293594        18.398608842304327        133.55853307095407     
 C       -13.898702656855580        18.157312190407886        133.78894189425941     
 C       -13.640233882713074        16.713216669012745        134.00132048371643     
 C       -14.930509590133921        19.081312499427227        133.76398672249383     
 C       -14.327230861228868        15.723202630969103        134.25509382479208     
 C       -16.288096510333201        18.979200707684662        134.00060886464664     
 C       -17.123835516252313        20.094493589938608        133.89879162341029     
 C       -18.456541074732797        19.747781003311054        134.21125958388978     
 C       -18.527649195070062        18.356746533279413        134.52979357468973     
 C       -17.141486283525190        17.755147908623361        134.40233808313909     
 C       -19.603356786378832        20.540332243792058        134.23623501599377     
 C       -20.814151579006186        19.931078720032446        134.57844241373965     
 C       -20.892363343367123        18.570327584531871        134.89572771872474     
 C       -19.728826754211561        17.774461051461877        134.87318146042301     
 C       -16.690636543177099        21.412629737964807        133.55218689079075     
 C       -8.1627622243150384        15.512662479152699        133.61797747659108     
 C       -11.712017283042799        19.493833987836666        133.26162257188722     
 C       -17.134536547350756        16.708831772440021        133.30381934938185     
 C       -10.311745777650435        19.422747978030195        133.06886089926530     
 C       -9.1585236059556614        19.403538034388138        132.90044306824433     
 C       -12.261861571339962        20.790101222110366        133.11939841253161     
 C       -12.677273270760345        21.872148791482807        132.99583487046175     
 C       -16.690135854629474        17.190652632921950        135.73487848536610     
 C       -12.447382864855973        13.565179614575511        132.92471928594281     
 C       -24.768382347586684        4.5042810036206919        132.03553208865281     
 C       -26.069785331985312        3.9989111090689171        132.13375131178177     
 C       -27.133138653648736        4.7824833315896313        132.59156055261610     
 C       -26.865501877009702        6.1027602134554932        132.95070254109675     
 C       -25.541342298863238        6.6295932541398104        132.84753972766418     
 C       -24.504009900158245        5.8409266719879627        132.39858473453035     
 C       -27.736064194797244        7.1017977455063033        133.43849850115197     
 C       -27.036394738621652        8.2859112177766008        133.68621962964318     
 C       -25.557441629313807        8.0805623653899410        133.28818508015652     
 C       -25.185273916008239        8.9756334282421921        132.12087000692676     
 C       -27.671177803738487        9.3909423869432551        134.21979170074985     
 C       -27.228474945541137        10.659886802855967        134.55615896253650     
 C       -27.988658215449775        11.731879566361281        135.20382503442556     
 C       -26.808871302892207        12.598475462705439        135.14710150464001     
 C       -26.028243224360104        11.526892396484497        134.48457332531336     
 C       -26.686108208306145        13.894685933905576        135.62097591003533     
 C       -24.879828600636500        11.408891431901688        134.05617282134043     
 C       -25.661134761906972        14.819499220209710        135.57223575724595     
 C       -25.803372198650067        16.084478473259438        136.14947669205526     
 C       -24.646730618228901        16.863926702405390        135.93021934485560     
 C       -23.687957742558996        16.102419475165600        135.19360248270317     
 C       -24.259047045192084        14.722514809301796        134.92988525208611     
 C       -24.364232873015517        18.171956982835457        136.32156442997780     
 C       -23.121460384964152        18.707351580826362        135.97081739579536     
 C       -22.179073410014759        17.971322459973301        135.24377002540191     
 C       -22.470617738485217        16.649538580112171        134.84916451345745     
 C       -26.973882600557097        16.546869763972015        136.82857852595029     
 C       -29.130157904286694        6.9070401375010979        133.69106398555556     
 C       -29.266330922057016        11.867409355237200        135.66694337867054     
 C       -23.415697853257463        13.675826203543078        135.63386167974835     
 C       -30.216183949903588        10.820016020929140        135.60719446498391     
 C       -31.024778816545535        9.9809582801339065        135.57822759732647     
 C       -29.746590009420260        13.066814398509548        136.24454740867631     
 C       -30.178918309856552        14.037918253493373        136.72282419325759     
 C       -24.639058051975475        8.2801012586338079        134.47738187721379     
 C       -24.358241273455320        14.468344906590939        133.43895285670550     
 C       -23.683147917104584        3.6489737386344583        131.56025768771792     
 C       -23.645467762395715        2.2957738783008512        131.91511332756073     
 C       -22.618371946568939        1.4490578374017939        131.48780455315824     
 C       -21.611968943646247        1.9919257561055446        130.68998391312977     
 C       -21.642722653342421        3.3721923225990560        130.32185130608286     
 C       -22.666202445118323        4.1910508443565817        130.74761533703003     
 C       -20.469108329403994        1.3785276033149199        130.13272368041902     
 C       -19.717736037928386        2.3060643418055466        129.40480944133185     
 C       -20.429136891546502        3.6764160414435159        129.46499690929446     
 C       -19.556805450055613        4.7113066978233897        130.14883661264395     
 C       -18.542157304071416        1.9384328116734846        128.77991354376246     
 C       -17.622720540320579        2.6400219825676867        128.01610000135219     
 C       -16.387504298349853        2.1356045095776128        127.41177327144766     
 C       -16.142527563824061        3.4534840052120233        126.81941632196494     
 C       -17.378055238662128        3.9846117301587984        127.44388928650470     
 C       -15.096340717052078        3.8313695563539643        125.99427129723567     
 C       -17.947898117232654        5.0756884560804396        127.47950193432200     
 C       -14.764690390777341        5.0279669629507726        125.38712986707162     
 C       -13.626701645211085        5.1388586596945425        124.58445118936126     
 C       -13.497925030545250        6.4526640972297598        124.08209254728560     
 C       -14.578636240741442        7.2556277231905630        124.55997226524939     
 C       -15.477173121091113        6.3984660137893892        125.43004943986894     
 C       -12.524765974282262        6.9991889138103192        123.24668741769821     
 C       -12.643897580435979        8.3470814425913140        122.89466378656303     
 C       -13.697893118312637        9.1415544655899943        123.35957069616259     
 C       -14.677384171973916        8.5841129202691739        124.20721925225405     
 C       -12.710816395191991        4.0750214230052482        124.31132265198789     
 C       -20.122270686934520        2.3956665395044041E-003   130.30802528274765     
 C       -15.729945841301092       0.93855867594640685        127.41052432956360     
 C       -16.860036744617361        6.3092374862380938        124.81339421651001     
 C       -16.211515317317307      -0.19880850201139388        128.10140756704135     
 C       -16.574956155384562       -1.1559789278718942        128.65853899339157     
 C       -14.509497010698135       0.73764367473774861        126.72279574196949     
 C       -13.503448800786185       0.53403536193554579        126.17040158587371     
 C       -15.512570701164893        6.9476155978473368        126.84293542046959     
 C       -20.868737523256033        4.1193312013204899        128.08275997861404     
 C       -26.424494729312581        16.492224894892974        121.34017819335531     
 C       -26.544835375456607        17.720104573531295        120.67945046296501     
 C       -25.428372951424098        18.416649239461229        120.20687529678291     
 C       -24.170934482178659        17.849945881290907        120.40838720759008     
 C       -24.038616506658535        16.593113717763401        121.07414151293329     
 C       -25.149878977406470        15.922017478130515        121.53699262528775     
 C       -22.891855451565796        18.329321043890772        120.04461400268929     
 C       -21.898222896984461        17.441599559662397        120.45817727161378     
 C       -22.569092473442517        16.224321923908288        121.13422132354890     
 C       -22.323813148065497        14.960377459064862        120.33155052402009     
 C       -20.558469758338134        17.722472265025466        120.25512040048557     
 C       -19.399131417182964        17.030134749839213        120.55564042915975     
 C       -18.013299754009719        17.468715139274448        120.36113892167134     
 C       -17.537250615858753        16.213818582691413        120.94416318464050     
 C       -18.928255343625565        15.742698395117579        121.12574890195526     
 C       -16.225091346004415        15.833421983768933        121.18782436194532     
 C       -19.468529842254792        14.721752369613837        121.55241867204806     
 C       -15.660643433117936        14.659147254934956        121.64065417443115     
 C       -14.275498365170844        14.537074764270301        121.80284741451788     
 C       -13.936152506787110        13.226631741601295        122.20068446310052     
 C       -15.124065059216043        12.444037352794400        122.33802144795042     
 C       -16.323173498385195        13.316168122763589        122.02054704153741     
 C       -12.685354771088592        12.664643297486002        122.45393924283098     
 C       -12.634665245877599        11.321547826822766        122.83873396799206     
 C       -13.792146622660081        10.545769669702800        122.96701894078035     
 C       -15.054832621535349        11.119979793335100        122.71305917351475     
 C       -13.327403284717384        15.570965490494377        121.52703540109606     
 C       -22.654218056571406        19.575591973333928        119.38403564615679     
 C       -17.416267824738227        18.580962579575992        119.83982540359797     
 C       -17.182641422404519        13.472291780465405        123.26148255111706     
 C       -18.152900446200618        19.682423302369230        119.34325163950824     
 C       -18.725346748558984        20.608486003508169        118.92677582904926     
 C       -16.010833494210228        18.719662808409431        119.74862311136320     
 C       -14.858493385891503        18.866720936173309        119.65342163536837     
 C       -22.121383363423860        16.085358544083359        122.57569250143072     
 C       -17.100859117861788        12.739723668396962        120.85447884522497     
 C       -27.614134085286771        15.801467769654485        121.83235335276055     
 C       -28.679087509066093        16.527505942069752        122.37681543576871     
 C       -29.828398045188521        15.898306018845526        122.86416967912623     
 C       -29.891377004464072        14.506430709231079        122.79969608787962     
 C       -28.807884848267971        13.757329824339992        122.24466929197254     
 C       -27.685108737016012        14.394650255734504        121.76388881905896     
 C       -30.910291127343463        13.626957897287710        123.21798197881353     
 C       -30.544500680917153        12.295643519605763        122.97322354444488     
 C       -29.149204914769516        12.281403217482612        122.31100139287270     
 C       -28.140823425521429        11.555589951150939        123.18045597868368     
 C       -31.377615823032283        11.253739530423651        123.31661860047353     
 C       -31.264074162283769        9.8741628198974070        123.19371235896378     
 C       -32.217801417646257        8.8550046642493179        123.62843919766331     
 C       -31.317157119612347        7.8051757186494761        123.13606332794923     
 C       -30.345376949319782        8.8357072250086759        122.68321992243558     
 C       -31.501468242219630        6.4374086839941498        123.18709631141479     
 C       -29.250162648100659        8.8164588083901698        122.12049216499975     
 C       -30.729187466648703        5.3681974642903914        122.75993386845053     
 C       -31.156943546119464        4.0550097153507441        122.93732870232004     
 C       -30.204138920994595        3.1447093894578515        122.41980974899563     
 C       -29.099486505133353        3.8700001437175642        121.87764936059359     
 C       -29.352948114946766        5.3536655351109896        122.05629049053078     
 C       -30.228705445357310        1.7514210120598719        122.38675040312441     
 C       -29.137195865360198        1.0937955723372585        121.80600501348005     
 C       -28.060034890539434        1.7989909655848599        121.27721853966236     
 C       -28.034096266671593        3.2008058648779185        121.30993465336584     
 C       -32.387822024818128        3.6689568657014631        123.55617963554397     
 C       -32.137020563958494        14.037032334505971        123.82592066072500     
 C       -33.440047977715729        8.8664264293462978        124.23803735491973     
 C       -29.429403820029158        6.0339870426712201        120.70314108079353     
 C       -34.093748245757091        10.063055185802874        124.61679692972652     
 C       -34.662870257577580        11.026301580302272        124.94368910887937     
 C       -34.154530801133696        7.6830517630743440        124.54102692380523     
 C       -34.773160895956778        6.7312319734698667        124.80594779475629     
 C       -28.284007830257810        5.9586764781694770        122.94584773499265     
 C       -29.220382157995751        11.703259595050680        120.91070992106512     
 C       -26.947462650978935        1.0617163792331663        120.68294636617679     
 C       -26.773778924923242      -0.31388444303081897        120.80436654912475     
 C       -25.690503623060312      -0.97056797823633190        120.20735423042623     
 C       -24.783875574798770      -0.19933101460574143        119.48196472030814     
 C       -24.960726875241917        1.2124508898140771        119.35612494512435     
 C       -26.036109429545665        1.8387436406163911        119.95320089813505     
 C       -23.616095637617224      -0.59180813879393135        118.78451416689292     
 C       -23.001957540452572       0.51002738773070000        118.19463943221179     
 C       -23.829644255038893        1.7747879603278403        118.51832558633033     
 C       -23.016653826077022        2.7591201001250081        119.33675750032853     
 C       -21.835730321240838       0.37106592440863118        117.45809340131480     
 C       -21.039688438718130        1.2770692105456405        116.78499405832476     
 C       -19.811797697458033        1.0086962149588974        116.02624773277877     
 C       -19.723697751458545        2.4244454426088424        115.67232486493819     
 C       -20.944237723805681        2.7226416554791264        116.44999090906684     
 C       -18.775220559703982        3.0430278079911695        114.86694217968270     
 C       -21.601517893222905        3.7278954784755456        116.72186159401642     
 C       -18.588236757412648        4.3512496513942747        114.47772158647791     
 C       -17.524709822701791        4.7127191275300007        113.63874895257757     
 C       -17.536427807556734        6.1005822970216377        113.39255921701454     
 C       -18.637264737466811        6.7010485451081578        114.07859151796040     
 C       -19.398961703443902        5.6203336814366036        114.82099646072321     
 C       -16.673732541597136        6.8801609285953891        112.62228021884927     
 C       -16.921688979709192        8.2537749628003176        112.54472737955236     
 C       -17.995637213494092        8.8497247652641100        113.21510639743602     
 C       -18.863955514631840        8.0573334854824061        113.99425108199800     
 C       -16.551100968295771        3.8045351727357168        113.11920109111495     
 C       -23.138114805088552       -1.9379986214067273        118.70523398266691     
 C       -19.061388584777085      -0.10378241885511663        115.77142412666137     
 C       -20.812991536793557        5.5234221743308689        114.28088715948354     
 C       -17.880585900478117       -6.6519625540266247E-002   114.99231447979662     
 C       -16.902945567690185       -7.5437341836584793E-002   114.35769550895478     
 C       -19.399266033499917       -1.3845512678156844        116.26948730269910     
 C       -19.644133872977569       -2.4544305843745313        116.66223069117321     
 C       -19.371943014442692        5.8960495154906836        116.31175681321501     
 C       -24.383635980772873        2.3983590820720764        117.25173114702709     
 C       -31.392030221041608        15.100355787364879        112.58739147585644     
 C       -31.645205961103244        16.453940002276575        112.33919561307438     
 C       -30.610919827444455        17.381529668797228        112.18248311808347     
 C       -29.298036974562823        16.920824960940397        112.27560106880146     
 C       -29.030535048612510        15.539275822705420        112.52450456595658     
 C       -30.062460850431723        14.639942858737705        112.68200929856434     
 C       -28.081065563172654        17.624748332259859        112.15664439773464     
 C       -26.993027958950186        16.760217983728360        112.32411947556956     
 C       -27.529077308467016        15.330742475393304        112.56057491772901     
 C       -27.112045158511936        14.403653266993720        111.43460828739714     
 C       -25.695981869525891        17.227800142370995        112.27232913739486     
 C       -24.463681544302382        16.603077429048767        112.40019090224398     
 C       -23.136915780692298        17.219948575822791        112.36169319304153     
 C       -22.521295303326362        15.900977371047492        112.54113047598278     
 C       -23.861362952375590        15.264302770621278        112.58794150174424     
 C       -21.173844629552189        15.595908306658835        112.61418485226879     
 C       -24.283086167200452        14.115671822072184        112.72677994283301     
 C       -20.487394795876387        14.401531600827449        112.74534632823962     
 C       -19.093342423470602        14.373229916590034        112.79755603873618     
 C       -18.625599860435813        13.043892704746469        112.90648239937786     
 C       -19.737058494246860        12.147166759027609        112.93516300094952     
 C       -21.018111758996607        12.953539964067152        112.84695597568356     
 C       -17.321161104300362        12.558438905112768        112.98276289184466     
 C       -17.140951667939888        11.175742306080714        113.08624525829336     
 C       -18.223540943419835        10.289095312541827        113.11101050873057     
 C       -19.540828083356516        10.786630133332865        113.03397192425601     
 C       -18.247005980874665        15.524331026850380        112.72904862721433     
 C       -27.978065169250748        19.031847750742827        111.92571276830546     
 C       -22.664899115155581        18.493709291471895        112.22006089887914     
 C       -21.833759559494410        12.764978489895672        114.11193579824966     
 C       -21.283387361416722        18.800494292799652        112.21105015997040     
 C       -20.154930049437194        19.092292931553178        112.19751613501424     
 C       -23.518489639987823        19.612690791935414        112.07151936838346     
 C       -24.188802492004164        20.558324960447624        111.94871816279914     
 C       -27.107149028864413        14.808818561222914        113.92000031448111     
 C       -21.791965557560005        12.569109054475373        111.60119057830352     
 C       -32.498443586946308        14.159443455647848        112.74691490709854     
 C       -33.669486319761241        14.551526864164758        113.40507209437001     
 C       -34.751153038242876        13.680732076398362        113.56845680527668     
 C       -34.634480221491430        12.389236131846776        113.05661108766141     
 C       -33.439878191987638        11.977795889180362        112.38968691109855     
 C       -32.385370459902447        12.851072762263648        112.23310805439233     
 C       -35.556731542707411        11.319576760220066        113.07796206376295     
 C       -35.026694411084470        10.199796238252794        112.43232163575705     
 C       -33.593461861860874        10.531906131587755        111.95956015075103     
 C       -32.574838093357172        9.6709573824426158        112.68292925559777     
 C       -35.767153510354262        9.0418148208717994        112.28718094675895     
 C       -35.489515652694593        7.8154360985792852        111.70639168875968     
 C       -36.392773374247774        6.6729597590328265        111.54473875784876     
 C       -35.319795269406001        5.9206243684558135        110.89067045040564     
 C       -34.390381304275870        7.0627428176331497        111.05524148436929     
 C       -35.379679168767154        4.6401524966331653        110.36354409569618     
 C       -33.212446994258364        7.2888602870758330        110.77664322715040     
 C       -34.429730225383963        3.8164264507488737        109.79214146758005     
 C       -34.764924922630982        2.5412735453868205        109.32704120532557     
 C       -33.621031691431313        1.8741211632328536        108.83738206382110     
 C       -32.480337931072505        2.7258321811609836        108.96036430860588     
 C       -32.919892777197440        4.0478508803240834        109.55899879867238     
 C       -33.495582307129844       0.59600033005489372        108.29457542658474     
 C       -32.226433087840633       0.18054982373003448        107.88059088303632     
 C       -31.102785222561334        1.0052266838306405        108.00434559949963     
 C       -31.235379874909405        2.2970790031961190        108.55370808920723     
 C       -36.073617663312334        1.9679137601909229        109.38455111448951     
 C       -36.867344846788342        11.392912550603580        113.64547531326812     
 C       -37.693535359571442        6.4152024219770851        111.87186762171247     
 C       -32.694931784762858        5.1633872149028619        108.55527966026193     
 C       -38.315687656093331        5.1721352377295746        111.60642874561952     
 C       -38.860628676764534        4.1612109714480550        111.40712385522785     
 C       -38.525775446650670        7.3688800859802734        112.50470252233170     
 C       -39.241947733213259        8.1284617735046893        113.02320711473399     
 C       -32.197318588556577        4.2996787139371504        110.86732724110253     
 C       -33.475138884773699        10.416978015294827        110.45277817013817     
 C       -29.791426081672260       0.53332630336062259        107.56521367434740     
 C       -29.432308089230840      -0.80859573592668532        107.73341938877132     
 C       -28.188123385985374       -1.2963535222037272        107.32251066009532     
 C       -27.294979239683549      -0.40024202980460721        106.73664866933471     
 C       -27.650725411932040       0.97322026791333549        106.56723640498859     
 C       -28.884492062681318        1.4351872288492444        106.97161366863673     
 C       -25.990944179664684      -0.61611186238008386        106.24023948630274     
 C       -25.456758307438704       0.56962255666229211        105.72764334322773     
 C       -26.486628164110368        1.7041492840012360        105.92706123014284     
 C       -25.952939791386818        2.7542447033460835        106.88343318592133     
 C       -24.203605894835363       0.59566631047074203        105.14713424545231     
 C       -23.452136737288985        1.6106248139011949        104.57658343028528     
 C       -22.145070017780842        1.5011031415113418        103.92413914752612     
 C       -22.141724204164454        2.9483377960108612        103.69470987958522     
 C       -23.467373423527135        3.0743973401018465        104.34593015754321     
 C       -21.162226006703811        3.7070704369355436        103.07509988866121     
 C       -24.246000915675619        3.9973048542124179        104.58774948592452     
 C       -21.033323451063382        5.0626207680799888        102.83986608299223     
 C       -19.919095641710456        5.5757387949558153        102.17059456345727     
 C       -20.000219834580303        6.9822348686776454        102.07499523793000     
 C       -21.205956399893896        7.4357487658566654        102.69309130915620     
 C       -21.968199976368020        6.2339195948829191        103.21673869688243     
 C       -19.116398607531679        7.8905361251886745        101.49380516235416     
 C       -19.449655328696835        9.2475828272119500        101.53479522957772     
 C       -20.626380937099078        9.7009888354227556        102.14154450830306     
 C       -21.514462070979199        8.7785609650580021        102.73160867373721     
 C       -18.831359994657284        4.7922101320886927        101.67242929710834     
 C       -25.331469177823180       -1.8848843831827438        106.22253458782171     
 C       -21.288713470243955       0.47537683155958099        103.64200044990127     
 C       -23.298312516258825        6.1155628761065755        102.49676246376374     
 C       -21.572182230678774      -0.87038141306168804        103.97599900028203     
 C       -21.771533875057543       -1.9898596632232515        104.23229352296970     
 C       -20.048200204432643       0.67246451970532561        102.98995966927284     
 C       -19.019075367049712       0.79499820414753763        102.45653769089493     
 C       -22.136656991714869        6.3338982726428039        104.71995649395204     
 C       -26.906622907511277        2.2997358083400243        104.59799597577958     
 C       -34.358483399288723        15.390742922228100        101.80715832570341     
 C       -34.659527199239918        16.736785100861788        101.56999452236907     
 C       -33.658792883025249        17.699773886301603        101.41039200026640     
 C       -32.330895431256593        17.282505720852338        101.48988435663445     
 C       -32.013677717154337        15.909317180145647        101.72505981185151     
 C       -33.013555742744956        14.974264196162554        101.88483865564305     
 C       -31.139018791963103        18.030073024279698        101.36960038315176     
 C       -30.022601409229861        17.205883603179423        101.53452559677136     
 C       -30.505437572198570        15.753191076523670        101.74536461979412     
 C       -30.065565457109468        14.867735579073198        100.59439528254845     
 C       -28.742790357630039        17.725718607086709        101.51081262933424     
 C       -27.489978299356462        17.149496258111487        101.64410100597595     
 C       -26.191819379243594        17.827283334955098        101.68782649758221     
 C       -25.523373051317780        16.531215336860214        101.82745783304384     
 C       -26.828053447617403        15.829842788479343        101.77739195322309     
 C       -24.166305641636942        16.288332569208642        101.96586720508941     
 C       -27.200994364995850        14.657180962461476        101.82295427422792     
 C       -23.423140647973035        15.126488400526197        102.04367688826663     
 C       -22.033781041342202        15.167804112477448        102.19058338874420     
 C       -21.495580947308916        13.862540083627001        102.19792775561046     
 C       -22.550571694654082        12.908188566001266        102.06403334698356     
 C       -23.871161938364217        13.648971750839731        101.97971572109081     
 C       -20.170880612802517        13.443721318175658        102.31477617619635     
 C       -19.913540956208934        12.069833603360856        102.29614965740501     
 C       -20.939681326696419        11.128264071389594        102.15862739860218     
 C       -22.277369720350343        11.557394000784580        102.03920678484549     
 C       -21.255334447416686        16.364445940549885        102.27513927375058     
 C       -31.088532244706737        19.443795256667212        101.15966709464949     
 C       -25.777094415912266        19.126979575214534        101.62387294956258     
 C       -24.734082947558310        13.295870962516616        103.17681988687505     
 C       -26.678096873392352        20.211926868024797        101.50590754507232     
 C       -27.388672587103624        21.131113378935311        101.41176661292857     
 C       -24.411757727082261        19.496572884898455        101.66972108459126     
 C       -23.298146472531030        19.839473913677470        101.70119568441626     
 C       -30.049620568559707        15.215498157947703        103.08720761146526     
 C       -24.563941137634835        13.345163728019275        100.66628885848944     
 C       -35.434798003019772        14.417155147102324        101.97700874234967     
 C       -36.605669066101918        14.772478252936613        102.65619714576593     
 C       -37.652449031148471        13.865624926431202        102.84675693321653     
 C       -37.500788522416762        12.575311949605693        102.34063510358757     
 C       -36.309273375895685        12.203861245391534        101.64498488546380     
 C       -35.289671534865548        13.112724490499431        101.46141901509587     
 C       -38.380737164339997        11.472722663651098        102.39484569287244     
 C       -37.815809656486898        10.360147693363498        101.76417143155253     
 C       -36.424351073122082        10.753016378142846        101.21914281534126     
 C       -35.332269738203337        9.9308810288067200        101.87569664055208     
 C       -38.488533022676975        9.1552842643018941        101.70599307731514     
 C       -38.166781697337193        7.9228650083157275        101.15951609243962     
 C       -38.968840977103483        6.6973684843232260        101.17571584666828     
 C       -37.936784253935585        6.0149382457969089        100.39032479691414     
 C       -37.103206854730217        7.2411956551273127        100.38533770153722     
 C       -37.953775015668967        4.7139382228404578        99.915691791786969     
 C       -35.998767709499887        7.5534759234488158        99.939089479842210     
 C       -37.050453820727405        3.9718213475989064        99.178303578073169     
 C       -37.322686498679701        2.6481193515006094        98.824324414701522     
 C       -36.253486907523225        2.1017560763601839        98.080458407951880     
 C       -35.226273149640789        3.0828923241836588        97.927930977707589     
 C       -35.664106511704901        4.3604682594052644        98.617288339687022     
 C       -36.106356000625610       0.83026260117305029        97.527910826489403     
 C       -34.930540551485819       0.55267145454400435        96.824199746248837     
 C       -33.918373021620674        1.5068244180560466        96.671512490412255     
 C       -34.071274868085354        2.7901802387377099        97.235653299806657     
 C       -38.513972135168231        1.9366490052531073        99.170503718651915     
 C       -39.663662930757880        11.491163545736992        103.02615047376831     
 C       -40.172387441816028        6.3360472579915026        101.71070671466984     
 C       -35.785789703422466        5.4796951758018926        97.600875433892966     
 C       -40.977002239727490        7.2304427988059734        102.45601373401831     
 C       -41.666375507280129        7.9369082619053266        103.07596697928898     
 C       -40.712327088685498        5.0355862677694523        101.56893299613184     
 C       -41.188745036585672        3.9759079241050816        101.47486568573493     
 C       -34.702199684191314        4.7041799189618532        99.737848353245226     
 C       -36.387411913427592        10.652622990096852        99.706338336177240     
 C       -26.188284999178322        11.197199691142094        88.521735714667898     
 C       -25.221633152159455        10.852844048225426        87.570027853800681     
 C       -24.836015977821976        9.5259771665342434        87.356212852542356     
 C       -25.448565143097181        8.5357067152032506        88.122411467008831     
 C       -26.442300372593841        8.8764994139828488        89.090252031698995     
 C       -26.807508368919194        10.190265463001936        89.290609238703894     
 C       -25.252192313285498        7.1358473092062642        88.119073259175536     
 C       -26.072251616038159        6.5221264230563172        89.066288169317431     
 C       -26.935766133832068        7.6048732410138351        89.752482704402070     
 C       -28.405800960374496        7.3995442872332262        89.438149630194644     
 C       -26.019985459533594        5.1558358605960484        89.279793557442048     
 C       -26.709335840431152        4.3129710987079006        90.133072357966014     
 C       -26.510720835771760        2.8733644286028515        90.330047102619261     
 C       -27.566766641183186        2.8690745355902418        91.342992042797079     
 C       -27.799535878212048        4.3164152473328681        91.140887105827829     
 C       -27.996481733803108        1.8015778969797012        92.118647801470260     
 C       -28.569946977076675        5.1614074300418533        91.597756671677729     
 C       -29.026818753385278        1.6589387751226194        93.024529582856985     
 C       -29.246239024711365       0.44489331972005353        93.686186501808621     
 C       -30.397083585880576       0.52359261134855473        94.498631022574457     
 C       -30.960254984431007        1.8339147583472002        94.407341561344765     
 C       -30.102068341030144        2.6710071697866198        93.478873815867345     
 C       -30.988334886219729      -0.44589658042662172        95.307939066095827     
 C       -32.141803856500793       -9.5770196574195054E-002   96.016081336269110     
 C       -32.704771782536206        1.1820869545723998        95.925515933228581     
 C       -32.100879987679370        2.1598577392063429        95.108291206369515     
 C       -28.462208145011779      -0.73670755062464188        93.504546918933272     
 C       -24.308119534196031        6.4546894998505078        87.287944674439714     
 C       -25.689927104282724        1.9279283449707449        89.784368341917798     
 C       -29.472558797290631        3.8117777436785314        94.256918612403013     
 C       -24.722684295398818        2.2328109996326209        88.797497922307045     
 C       -23.914376598503445        2.4458376105437800        87.985096155206307     
 C       -25.744364855150245       0.56402857514991389        90.158023566408502     
 C       -25.763899601221532      -0.56739437580461072        90.437449426473819     
 C       -26.668321079427685        7.6519230281793522        91.243746339661229     
 C       -30.922116992090984        3.1637504278290614        92.303498090827048     
 C       -26.554167583931491        12.596830415977406        88.726156351188081     
 C       -25.580586694214475        13.599481677793060        88.658830949983980     
 C       -25.894375909054446        14.947252060699993        88.857247572833529     
 C       -27.220980278818676        15.277932978762770        89.133196542363422     
 C       -28.221687038479537        14.259679859739636        89.203387384627320     
 C       -27.895240811103832        12.936884344787799        88.999539266192272     
 C       -27.806986968740880        16.535980788931308        89.378984667712388     
 C       -29.180449211111082        16.400803736832255        89.626859256402398     
 C       -29.555800483058711        14.906282919233883        89.521434001238390     
 C       -30.082838404085372        14.382313268276421        90.843290344966206     
 C       -29.963841336335172        17.497502331846459        89.911650845261235     
 C       -31.316761912924406        17.643799965861685        90.193520234977470     
 C       -32.036792062482156        18.875459421850426        90.512632750975143     
 C       -33.281396763589221        18.109163568612740        90.652307756680955     
 C       -32.558281982080707        16.852879569795643        90.320245722228037     
 C       -34.535772179592925        18.582481975061807        90.983778652785034     
 C       -32.873891470645553        15.668532444228779        90.200885835250233     
 C       -35.764033006134355        17.959309019561939        91.142299306803153     
 C       -36.900389641659316        18.685732441729815        91.488604956807990     
 C       -38.026956633522410        17.834120601328440        91.588145614459791     
 C       -37.634551704649887        16.491245380596482        91.300136960578328     
 C       -36.150425906325779        16.470096037290677        90.992957617404699     
 C       -39.349427239953037        18.138837916520540        91.906198130867324     
 C       -40.272697960131282        17.086223055875596        91.932607046860596     
 C       -39.892019809976802        15.777164891909328        91.652182564496400     
 C       -38.561770390457539        15.469274031007165        91.332111174997749     
 C       -36.934674368094036        20.098078173831272        91.714819597063865     
 C       -27.093778805788642        17.774429021642181        89.393141861629729     
 C       -31.699800062700927        20.193731838855424        90.631848040952022     
 C       -35.920929673561538        15.990926551366616        89.572600168035621     
 C       -30.379594999835604        20.665323668120866        90.438552115284011     
 C       -29.305232995831986        21.091491942117347        90.287780078963650     
 C       -32.642536864096705        21.197530983730498        90.957892990020554     
 C       -33.389291295985757        22.052197764393238        91.223894779470612     
 C       -35.421987839676625        15.617106794141131        92.013635011879401     
 C       -30.529256252591487        14.671589122932977        88.382386227548807     
